# Analysis3-Analysis2
5485.952799 5489.184277 5497.241821 5502.924338 5503.108008 5508.690411 5511.272577 5511.463801 5514.561121 5518.772208 5518.965550 5519.156778 5519.181218 5521.523638 5526.152746 5525.479600 5532.301694 5535.308343 5536.297713 5544.389510 5548.489659 5560.064203
5491.564932 5500.160023 5502.753902 5508.288846 5508.472396 5508.660172 5511.693126 5514.762089 5517.455194 5517.651313 5517.846633 5519.282047 5519.473118 5527.974581 5534.688524 5537.522960 5542.800852 5544.257702 5547.292930 5554.571036 5567.703442 5569.892923
5497.325913 5508.060990 5508.231699 5508.411331 5511.440498 5511.629711 5514.696270 5514.894435 5515.092105 5518.109083 5526.507661 5529.122581 5529.317671 5530.800259 5535.294616 5535.473883 5537.859012 5543.107150 5544.562354 5550.616765 5572.264001 5572.386790
5505.688214 5508.189205 5508.361355 5511.387736 5511.576778 5514.638167 5514.836396 5526.060064 5526.260397 5526.459898 5526.658511 5526.855406 5527.049868 5527.524769 5535.442184 5535.622830 5535.798680 5543.233593 5543.418354 5551.650740 5569.532927 5572.522525
5505.824011 5511.171622 5511.347318 5511.531913 5511.723007 5525.814027 5526.014037 5526.216243 5526.418164 5526.618457 5526.818889 5527.017067 5527.211851 5527.404967 5531.833184 5532.334543 5533.841938 5539.026718 5541.456109 5551.319372 5563.869988 5574.672577
5511.146432 5511.316092 5511.494953 5518.162408 5526.482656 5526.679477 5526.879651 5527.083081 5527.285415 5527.485961 5527.686047 5527.883779 5527.385898 5527.578660 5527.767899 5532.185326 5532.684178 5539.198985 5545.046696 5554.330043 5562.302181 5578.391889
5512.143375 5512.314789 5518.133863 5523.788549 5526.651272 5526.851453 5527.054565 5527.260037 5527.464486 5527.667135 5527.868773 5528.068012 5528.263166 5528.453886 5528.641334 5533.028314 5532.541988 5540.929029 5542.902559 5554.492137 5562.128167 5569.672178
5515.143125 5523.585794 5523.770513 5526.628267 5526.828927 5527.033059 5527.239629 5527.447192 5527.653736 5527.858095 5528.061900 5528.262733 5528.458689 5528.649979 5528.837084 5533.220553 5533.392151 5541.714392 5546.767730 5552.212263 5566.131447 5572.327865
5523.577407 5523.759327 5523.949308 5526.809736 5527.013879 5527.221883 5527.432333 5527.643220 5527.852600 5528.060115 5528.266064 5528.467774 5528.663743 5528.856193 5529.042620 5533.422181 5536.800287 5544.693033 5553.268332 5559.939257 5568.802854 5575.782135
5523.750400 5523.937676 5524.132678 5526.996664 5527.204749 5527.416778 5527.632058 5527.847350 5528.060657 5528.271558 5528.479665 5528.682792 5528.880246 5529.071917 5529.257401 5536.837208 5537.003964 5550.047781 5559.974850 5560.110419 5569.313425 5575.148914
5523.929436 5524.120537 5526.980249 5527.188796 5527.401638 5527.617764 5527.838661 5528.058737 5528.276563 5528.491170 5528.701480 5528.906164 5529.105102 5529.296310 5532.623724 5539.553673 5542.443211 5560.017506 5560.158056 5560.290036 5567.800296 5577.642493
5524.114607 5524.307642 5527.171392 5527.386276 5527.605014 5527.827049 5528.051579 5528.276038 5528.498317 5528.716794 5528.930440 5531.728565 5535.067049 5535.257114 5537.914243 5545.035888 5551.221922 5562.716569 5562.854343 5566.001443 5572.796069 5578.497319
5524.304549 5524.502578 5527.369710 5527.588641 5527.812364 5528.039406 5528.268421 5528.497430 5531.319684 5531.542053 5531.759060 5535.104287 5535.304609 5537.968529 5540.818986 5551.283539 5557.571729 5562.922314 5566.069976 5566.193709 5578.565771 5581.700950
5524.496536 5524.700250 5527.571174 5527.793742 5528.021670 5530.854750 5531.087430 5531.320240 5531.551188 5534.036888 5537.383016 5537.593437 5540.232003 5543.676542 5553.531234 5556.537181 5559.960827 5568.285142 5568.413610 5576.259583 5580.859149 5583.978477
5524.687914 5524.897158 5527.772358 5530.606642 5530.837461 5533.339415 5533.575697 5533.811762 5537.172908 5537.400657 5537.621906 5540.271097 5546.427191 5549.366028 5556.606126 5560.036794 5568.367536 5568.499128 5576.340180 5576.451739 5584.066063 5584.152290
5524.877696 5527.747741 5530.584553 5533.088946 5533.322633 5536.691554 5536.928779 5537.166292 5537.401969 5540.886376 5543.538056 5546.457047 5549.406460 5552.234671 5563.040596 5563.197029 5568.585320 5576.424213 5576.537887 5581.131223 5584.243281 5584.322200
5525.068145 5532.840271 5536.202382 5536.431468 5536.666451 5536.905612 5537.146939 5540.641079 5540.878052 5543.539442 5546.469129 5552.064113 5552.266151 5558.544457 5563.259328 5566.243260 5574.156097 5576.624295 5576.730114 5584.332863 5584.415023 5586.497589
5533.387465 5536.175748 5539.662594 5539.891990 5540.128481 5540.369204 5540.611689 5540.853901 5546.226652 5549.203758 5552.065404 5555.110040 5558.566563 5563.298439 5566.294755 5574.224534 5576.701034 5576.816654 5576.912644 5584.502780 5586.581857 5594.994629
5536.847288 5539.628725 5539.854183 5540.086959 5540.326426 5540.570143 5540.815583 5546.512957 5549.176487 5554.874419 5555.096482 5558.568118 5561.533078 5566.319979 5571.175718 5576.757321 5576.881982 5576.990640 5584.588852 5586.665642 5588.769371 5598.571964
5535.031851 5539.815306 5540.042596 5542.990364 5545.981764 5546.221864 5549.257539 5554.602435 5554.837119 5557.788722 5561.312981 5561.519208 5564.062737 5571.186986 5571.348414 5576.923179 5577.044800 5582.054550 5586.741251 5588.847357 5591.562480 5598.692980
5537.940077 5548.274381 5548.493587 5548.721660 5548.956353 5551.880594 5554.845930 5557.505168 5557.738723 5561.271791 5563.834670 5564.036824 5571.176647 5571.351011 5576.942974 5579.317553 5584.338034 5586.801517 5588.915558 5591.634185 5595.067473 5600.341665
5546.392008 5548.572232 5554.085948 5554.308942 5554.538795 5554.772946 5557.433883 5560.982980 5563.560252 5566.074667 5568.514503 5568.712027 5573.598506 5573.768482 5579.335132 5584.365256 5584.472669 5591.193573 5593.921067 5593.974315 5602.627372 5602.659888
5548.571501 5549.499521 5554.240945 5554.463114 5556.999785 5560.600797 5565.554401 5565.780629 5568.237605 5568.454338 5568.659495 5573.561071 5573.737720 5581.235083 5584.374199 5586.482088 5591.229990 5593.968392 5594.031742 5598.956530 5602.731412 5605.365210
5549.923726 5551.253140 5556.697129 5560.292018 5562.861888 5567.706712 5567.929159 5568.150279 5568.369823 5568.583889 5575.355936 5575.541666 5584.191938 5586.332188 5586.472466 5586.594689 5594.001359 5595.528957 5599.009394 5602.794369 5605.431260 5610.721468
5555.831501 5556.024050 5562.312825 5565.017343 5565.230118 5567.837445 5568.055341 5570.072467 5570.286712 5570.495666 5575.462475 5580.498756 5586.280919 5586.432001 5589.169518 5595.455468 5595.549766 5595.623572 5599.101799 5605.488282 5606.693625 5612.848588
5558.023355 5560.498250 5560.694084 5566.080098 5567.147632 5569.756595 5569.967482 5570.177419 5570.385407 5580.221702 5580.406756 5586.206550 5587.730240 5590.512448 5595.415439 5595.533924 5595.628855 5600.229807 5606.706342 5606.744187 5608.758309 5621.280184
5564.027354 5562.084501 5561.080029 5563.659322 5567.663787 5570.914285 5571.901918 5576.272557 5581.422669 5581.608540 5587.477576 5590.276669 5590.429352 5595.346240 5596.533741 5596.650223 5602.794233 5602.875115 5608.763404 5610.029023 5621.333408 5621.345072
5567.924757 5568.113310 5567.468004 5568.763737 5573.849418 5575.967371 5576.316043 5581.601277 5582.272283 5591.020424 5591.184435 5591.341905 5596.319803 5596.454843 5599.109003 5602.740895 5605.955575 5609.985734 5610.046729 5618.276404 5623.547685 5623.559594
