# Analysis Heights for Second Pass
5540.222222 5540.222222 5540.222222 5540.222222 5540.222222 5540.222222 5540.222222 5540.222222 5540.222222 5540.222222 5540.222222 5540.222222 5540.222222 5540.222222 5540.222222 5540.222222 5540.222222 5540.222222 5540.222222 5540.222222 5540.222222 5540.222222
5540.222222 5540.222222 5540.222222 5540.222222 5540.222222 5540.222222 5540.222222 5540.222222 5540.222222 5540.222222 5540.222222 5540.222222 5540.222222 5540.222222 5540.222222 5540.222222 5540.222222 5540.222222 5540.222222 5540.222222 5540.222222 5540.222222
5540.222222 5540.222222 5540.222222 5540.222222 5540.222222 5540.222222 5540.222222 5540.222222 5540.222222 5540.222222 5540.222222 5540.222222 5540.222222 5540.222222 5540.222222 5540.222222 5540.222222 5540.222222 5540.222222 5540.222222 5540.222222 5540.222222
5540.222222 5540.222222 5540.222222 5540.222222 5540.222222 5540.222222 5540.222222 5540.222222 5540.222222 5540.222222 5540.222222 5540.222222 5540.222222 5540.222222 5540.222222 5540.222222 5540.222222 5540.222222 5540.222222 5540.222222 5540.222222 5540.222222
5540.222222 5540.222222 5540.222222 5540.222222 5540.222222 5540.222222 5540.222222 5540.222222 5540.222222 5540.222222 5540.222222 5540.222222 5540.222222 5540.222222 5540.222222 5540.222222 5540.222222 5540.222222 5540.222222 5540.222222 5540.222222 5540.222222
5540.222222 5540.222222 5540.222222 5540.222222 5540.222222 5540.222222 5540.222222 5540.222222 5540.222222 5540.222222 5540.222222 5540.222222 5540.222222 5540.222222 5540.222222 5540.222222 5540.222222 5540.222222 5540.222222 5540.222222 5540.222222 5540.222222
5540.222222 5540.222222 5540.222222 5540.222222 5540.222222 5540.222222 5540.222222 5540.222222 5540.222222 5540.222222 5540.222222 5540.222222 5540.222222 5540.222222 5540.222222 5540.222222 5540.222222 5540.222222 5540.222222 5540.222222 5540.222222 5540.222222
5540.222222 5540.222222 5540.222222 5540.222222 5540.222222 5540.222222 5540.222222 5540.222222 5540.222222 5540.222222 5540.222222 5540.222222 5540.222222 5540.222222 5540.222222 5540.222222 5540.222222 5540.222222 5540.222222 5540.222222 5540.222222 5540.222222
5540.222222 5540.222222 5540.222222 5540.222222 5540.222222 5540.222222 5540.222222 5540.222222 5540.222222 5540.222222 5540.222222 5540.222222 5540.222222 5540.222222 5540.222222 5540.222222 5540.222222 5540.222222 5540.222222 5540.222222 5540.222222 5540.222222
5540.222222 5540.222222 5540.222222 5540.222222 5540.222222 5540.222222 5540.222222 5540.222222 5540.222222 5540.222222 5540.222222 5540.222222 5540.222222 5540.222222 5540.222222 5540.222222 5540.222222 5540.222222 5540.222222 5540.222222 5540.222222 5540.222222
5540.222222 5540.222222 5540.222222 5540.222222 5540.222222 5540.222222 5540.222222 5540.222222 5540.222222 5540.222222 5540.222222 5540.222222 5540.222222 5540.222222 5540.222222 5540.222222 5540.222222 5540.222222 5540.222222 5540.222222 5540.222222 5540.222222
5540.222222 5540.222222 5540.222222 5540.222222 5540.222222 5540.222222 5540.222222 5540.222222 5540.222222 5540.222222 5540.222222 5540.222222 5540.222222 5540.222222 5540.222222 5540.222222 5540.222222 5540.222222 5540.222222 5540.222222 5540.222222 5540.222222
5540.222222 5540.222222 5540.222222 5540.222222 5540.222222 5540.222222 5540.222222 5540.222222 5540.222222 5540.222222 5540.222222 5540.222222 5540.222222 5540.222222 5540.222222 5540.222222 5540.222222 5540.222222 5540.222222 5540.222222 5540.222222 5540.222222
5540.222222 5540.222222 5540.222222 5540.222222 5540.222222 5540.222222 5540.222222 5540.222222 5540.222222 5540.222222 5540.222222 5540.222222 5540.222222 5540.222222 5540.222222 5540.222222 5540.222222 5540.222222 5540.222222 5540.222222 5540.222222 5540.222222
5540.222222 5540.222222 5540.222222 5540.222222 5540.222222 5540.222222 5540.222222 5540.222222 5540.222222 5540.222222 5540.222222 5540.222222 5540.222222 5540.222222 5540.222222 5540.222222 5540.222222 5540.222222 5540.222222 5540.222222 5540.222222 5540.222222
5540.222222 5540.222222 5540.222222 5540.222222 5540.222222 5540.222222 5540.222222 5540.222222 5540.222222 5540.222222 5540.222222 5540.222222 5540.222222 5540.222222 5540.222222 5540.222222 5540.222222 5540.222222 5540.222222 5540.222222 5540.222222 5540.222222
5540.222222 5540.222222 5540.222222 5540.222222 5540.222222 5540.222222 5540.222222 5540.222222 5540.222222 5540.222222 5540.222222 5540.222222 5540.222222 5540.222222 5540.222222 5540.222222 5540.222222 5540.222222 5540.222222 5540.222222 5540.222222 5540.222222
5540.222222 5540.222222 5540.222222 5540.222222 5540.222222 5540.222222 5540.222222 5540.222222 5540.222222 5540.222222 5540.222222 5540.222222 5540.222222 5540.222222 5540.222222 5540.222222 5540.222222 5540.222222 5540.222222 5540.222222 5540.222222 5540.222222
5540.222222 5540.222222 5540.222222 5540.222222 5540.222222 5540.222222 5540.222222 5540.222222 5540.222222 5540.222222 5540.222222 5540.222222 5540.222222 5540.222222 5540.222222 5540.222222 5540.222222 5540.222222 5540.222222 5540.222222 5540.222222 5540.222222
5540.222222 5540.222222 5540.222222 5540.222222 5540.222222 5540.222222 5540.222222 5540.222222 5540.222222 5540.222222 5540.222222 5540.222222 5540.222222 5540.222222 5540.222222 5540.222222 5540.222222 5540.222222 5540.222222 5540.222222 5540.222222 5540.222222
5540.222222 5540.222222 5540.222222 5540.222222 5540.222222 5540.222222 5540.222222 5540.222222 5540.222222 5540.222222 5540.222222 5540.222222 5540.222222 5540.222222 5540.222222 5540.222222 5540.222222 5540.222222 5540.222222 5540.222222 5540.222222 5540.222222
5540.222222 5540.222222 5540.222222 5540.222222 5540.222222 5540.222222 5540.222222 5540.222222 5540.222222 5540.222222 5540.222222 5540.222222 5540.222222 5540.222222 5540.222222 5540.222222 5540.222222 5540.222222 5540.222222 5540.222222 5540.222222 5540.222222
5540.222222 5540.222222 5540.222222 5540.222222 5540.222222 5540.222222 5540.222222 5540.222222 5540.222222 5540.222222 5540.222222 5540.222222 5540.222222 5540.222222 5540.222222 5540.222222 5540.222222 5540.222222 5540.222222 5540.222222 5540.222222 5540.222222
5540.222222 5540.222222 5540.222222 5540.222222 5540.222222 5540.222222 5540.222222 5540.222222 5540.222222 5540.222222 5540.222222 5540.222222 5540.222222 5540.222222 5540.222222 5540.222222 5540.222222 5540.222222 5540.222222 5540.222222 5540.222222 5540.222222
5540.222222 5540.222222 5540.222222 5540.222222 5540.222222 5540.222222 5540.222222 5540.222222 5540.222222 5540.222222 5540.222222 5540.222222 5540.222222 5540.222222 5540.222222 5540.222222 5540.222222 5540.222222 5540.222222 5540.222222 5540.222222 5540.222222
5540.222222 5540.222222 5540.222222 5540.222222 5540.222222 5540.222222 5540.222222 5540.222222 5540.222222 5540.222222 5540.222222 5540.222222 5540.222222 5540.222222 5540.222222 5540.222222 5540.222222 5540.222222 5540.222222 5540.222222 5540.222222 5540.222222
5540.222222 5540.222222 5540.222222 5540.222222 5540.222222 5540.222222 5540.222222 5540.222222 5540.222222 5540.222222 5540.222222 5540.222222 5540.222222 5540.222222 5540.222222 5540.222222 5540.222222 5540.222222 5540.222222 5540.222222 5540.222222 5540.222222
5540.222222 5540.222222 5540.222222 5540.222222 5540.222222 5540.222222 5540.222222 5540.222222 5540.222222 5540.222222 5540.222222 5540.222222 5540.222222 5540.222222 5540.222222 5540.222222 5540.222222 5540.222222 5540.222222 5540.222222 5540.222222 5540.222222
