# Analysis Heights for First Pass
5540.222222 5540.222222 5540.222222 5540.222222 5540.222222 5540.222222 5540.222222 5540.222222 5540.222222 5540.222222 5540.222222 5540.222222 5540.222222 5540.222222 5540.222222 5540.222222 5540.222222 5540.222222 5540.222222 5540.222222 5540.222222 5540.222222
5540.222222 5540.222222 5540.222222 5540.222222 5540.222222 5540.222222 5540.222222 5540.222222 5540.222222 5540.222222 5540.222222 5540.222222 5540.222222 5540.222222 5540.222222 5540.222222 5540.222222 5540.222222 5540.222222 5540.222222 5540.222222 5540.222222
5540.222222 5540.222222 5540.222222 5540.222222 5540.222222 5540.222222 5540.222222 5540.222222 5540.222222 5540.222222 5540.222222 5540.222222 5540.222222 5540.222222 5540.222222 5540.222222 5540.222222 5540.222222 5540.222222 5540.222222 5540.222222 5540.222222
5540.222222 5540.222222 5540.222222 5540.222222 5540.222222 5540.222222 5540.222222 5540.222222 5540.222222 5540.222222 5540.222222 5540.222222 5540.222222 5540.222222 5540.222222 5540.222222 5540.222222 5540.222222 5540.222222 5540.222222 5540.222222 5540.222222
5540.222222 5540.222222 5540.222222 5540.222222 5540.222222 5540.222222 5540.222222 5540.222222 5540.222222 5540.222222 5540.222222 5540.222222 5540.222222 5540.222222 5540.222222 5540.222222 5540.222222 5540.222222 5540.222222 5540.222222 5540.222222 5540.222222
5540.222222 5540.222222 5540.222222 5540.222222 5540.222222 5540.222222 5540.222222 5540.222222 5540.222222 5540.222222 5540.222222 5540.222222 5540.222222 5540.222222 5540.222222 5540.222222 5540.222222 5540.222222 5540.222222 5540.222222 5540.222222 5540.222222
5540.222222 5540.222222 5540.222222 5540.222222 5540.222222 5540.222222 5540.222222 5540.222222 5540.222222 5540.222222 5540.222222 5540.222222 5540.222222 5540.222222 5540.222222 5540.222222 5540.222222 5540.222222 5540.222222 5540.222222 5540.222222 5540.222222
5540.222222 5540.222222 5540.222222 5540.222222 5540.222222 5540.222222 5540.222222 5540.222222 5540.222222 5540.222222 5540.222222 5540.222222 5540.222222 5540.222222 5540.222222 5540.222222 5540.222222 5540.222222 5540.222222 5540.222222 5540.222222 5540.222222
5540.222222 5540.222222 5540.222222 5540.222222 5540.222222 5540.222222 5540.222222 5540.222222 5540.222222 5540.222222 5540.222222 5540.222222 5540.222222 5540.222222 5540.222222 5540.222222 5540.222222 5540.222222 5540.222222 5540.222222 5540.222222 5540.222222
5540.222222 5540.222222 5540.222222 5540.222222 5540.222222 5540.222222 5540.222222 5540.222222 5540.222222 5540.222222 5540.222222 5540.222222 5540.222222 5540.222222 5540.222222 5540.222222 5540.222222 5540.222222 5540.222222 5540.222222 5540.222222 5540.222222
5540.222222 5540.222222 5540.222222 5540.222222 5540.222222 5540.222222 5540.222222 5540.222222 5540.222222 5540.222222 5540.222222 5540.222222 5540.222222 5540.222222 5540.222222 5540.222222 5540.222222 5540.222222 5540.222222 5540.222222 5540.222222 5540.222222
5540.222222 5540.222222 5540.222222 5540.222222 5540.222222 5540.222222 5540.222222 5540.222222 5540.222222 5540.222222 5540.222222 5540.222222 5540.222222 5540.222222 5540.222222 5540.222222 5540.222222 5540.222222 5540.222222 5540.222222 5540.222222 5540.222222
5540.222222 5540.222222 5540.222222 5540.222222 5540.222222 5540.222222 5540.222222 5540.222222 5540.222222 5540.222222 5540.222222 5540.222222 5540.222222 5540.222222 5540.222222 5540.222222 5540.222222 5540.222222 5540.222222 5540.222222 5540.222222 5540.222222
5540.222222 5540.222222 5540.222222 5540.222222 5540.222222 5540.222222 5540.222222 5540.222222 5540.222222 5540.222222 5540.222222 5540.222222 5540.222222 5540.222222 5540.222222 5540.222222 5540.222222 5540.222222 5540.222222 5540.222222 5540.222222 5540.222222
5540.222222 5540.222222 5540.222222 5540.222222 5540.222222 5540.222222 5540.222222 5540.222222 5540.222222 5540.222222 5540.222222 5540.222222 5540.222222 5540.222222 5540.222222 5540.222222 5540.222222 5540.222222 5540.222222 5540.222222 5540.222222 5540.222222
5540.222222 5540.222222 5540.222222 5540.222222 5540.222222 5540.222222 5540.222222 5540.222222 5540.222222 5540.222222 5540.222222 5540.222222 5540.222222 5540.222222 5540.222222 5540.222222 5540.222222 5540.222222 5540.222222 5540.222222 5540.222222 5540.222222
5540.222222 5540.222222 5540.222222 5540.222222 5540.222222 5540.222222 5540.222222 5540.222222 5540.222222 5540.222222 5540.222222 5540.222222 5540.222222 5540.222222 5540.222222 5540.222222 5540.222222 5540.222222 5540.222222 5540.222222 5540.222222 5540.222222
5540.222222 5540.222222 5540.222222 5540.222222 5540.222222 5540.222222 5540.222222 5540.222222 5540.222222 5540.222222 5540.222222 5540.222222 5540.222222 5540.222222 5540.222222 5540.222222 5540.222222 5540.222222 5540.222222 5540.222222 5540.222222 5540.222222
5540.222222 5540.222222 5540.222222 5540.222222 5540.222222 5540.222222 5540.222222 5540.222222 5540.222222 5540.222222 5540.222222 5540.222222 5540.222222 5540.222222 5540.222222 5540.222222 5540.222222 5540.222222 5540.222222 5540.222222 5540.222222 5540.222222
5540.222222 5540.222222 5540.222222 5540.222222 5540.222222 5540.222222 5540.222222 5540.222222 5540.222222 5540.222222 5540.222222 5540.222222 5540.222222 5540.222222 5540.222222 5540.222222 5540.222222 5540.222222 5540.222222 5540.222222 5540.222222 5540.222222
5540.222222 5540.222222 5540.222222 5540.222222 5540.222222 5540.222222 5540.222222 5540.222222 5540.222222 5540.222222 5540.222222 5540.222222 5540.222222 5540.222222 5540.222222 5540.222222 5540.222222 5540.222222 5540.222222 5540.222222 5540.222222 5540.222222
5540.222222 5540.222222 5540.222222 5540.222222 5540.222222 5540.222222 5540.222222 5540.222222 5540.222222 5540.222222 5540.222222 5540.222222 5540.222222 5540.222222 5540.222222 5540.222222 5540.222222 5540.222222 5540.222222 5540.222222 5540.222222 5540.222222
5540.222222 5540.222222 5540.222222 5540.222222 5540.222222 5540.222222 5540.222222 5540.222222 5540.222222 5540.222222 5540.222222 5540.222222 5540.222222 5540.222222 5540.222222 5540.222222 5540.222222 5540.222222 5540.222222 5540.222222 5540.222222 5540.222222
5540.222222 5540.222222 5540.222222 5540.222222 5540.222222 5540.222222 5540.222222 5540.222222 5540.222222 5540.222222 5540.222222 5540.222222 5540.222222 5540.222222 5540.222222 5540.222222 5540.222222 5540.222222 5540.222222 5540.222222 5540.222222 5540.222222
5540.222222 5540.222222 5540.222222 5540.222222 5540.222222 5540.222222 5540.222222 5540.222222 5540.222222 5540.222222 5540.222222 5540.222222 5540.222222 5540.222222 5540.222222 5540.222222 5540.222222 5540.222222 5540.222222 5540.222222 5540.222222 5540.222222
5540.222222 5540.222222 5540.222222 5540.222222 5540.222222 5540.222222 5540.222222 5540.222222 5540.222222 5540.222222 5540.222222 5540.222222 5540.222222 5540.222222 5540.222222 5540.222222 5540.222222 5540.222222 5540.222222 5540.222222 5540.222222 5540.222222
5540.222222 5540.222222 5540.222222 5540.222222 5540.222222 5540.222222 5540.222222 5540.222222 5540.222222 5540.222222 5540.222222 5540.222222 5540.222222 5540.222222 5540.222222 5540.222222 5540.222222 5540.222222 5540.222222 5540.222222 5540.222222 5540.222222
5540.222222 5540.222222 5540.222222 5540.222222 5540.222222 5540.222222 5540.222222 5540.222222 5540.222222 5540.222222 5540.222222 5540.222222 5540.222222 5540.222222 5540.222222 5540.222222 5540.222222 5540.222222 5540.222222 5540.222222 5540.222222 5540.222222
