# Analysis2-Analysis1
5540.222222 5540.222222 5540.222222 5540.222222 5540.222222 5540.222222 5540.222222 5540.222222 5540.222222 5540.222222 5540.222222 5540.222222 5540.222222 5540.222222 5540.222222 5540.222222 5540.222222 5540.222222 5540.222222 5540.222222 5540.222222 5540.222222
5540.222222 5540.222222 5540.222222 5540.222222 5540.222222 5540.222222 5540.222222 5540.222222 5540.222222 5540.222222 5540.222222 5540.222222 5540.222222 5540.222222 5540.222222 5540.222222 5540.222222 5540.222222 5540.222222 5540.222222 5540.222222 5540.222222
5540.222222 5540.222222 5540.222222 5540.222222 5540.222222 5540.222222 5540.222222 5540.222222 5540.222222 5540.222222 5540.222222 5540.222222 5540.222222 5540.222222 5540.222222 5540.222222 5540.222222 5540.222222 5540.222222 5540.222222 5540.222222 5540.222222
5540.222222 5540.222222 5540.222222 5540.222222 5540.222222 5540.222222 5540.222222 5540.222222 5540.222222 5540.222222 5540.222222 5540.222222 5540.222222 5540.222222 5540.222222 5540.222222 5540.222222 5540.222222 5540.222222 5540.222222 5540.222222 5540.222222
5540.222222 5540.222222 5540.222222 5540.222222 5540.222222 5540.222222 5540.222222 5540.222222 5540.222222 5540.222222 5540.222222 5540.222222 5540.222222 5540.222222 5540.222222 5540.222222 5540.222222 5540.222222 5540.222222 5540.222222 5540.222222 5540.222222
5540.222222 5540.222222 5540.222222 5540.222222 5540.222222 5540.222222 5540.222222 5540.222222 5540.222222 5540.222222 5540.222222 5540.222222 5540.222222 5540.222222 5540.222222 5540.222222 5540.222222 5540.222222 5540.222222 5540.222222 5540.222222 5540.222222
5540.222222 5540.222222 5540.222222 5540.222222 5540.222222 5540.222222 5540.222222 5540.222222 5540.222222 5540.222222 5540.222222 5540.222222 5540.222222 5540.222222 5540.222222 5540.222222 5540.222222 5540.222222 5540.222222 5540.222222 5540.222222 5540.222222
5540.222222 5540.222222 5540.222222 5540.222222 5540.222222 5540.222222 5540.222222 5540.222222 5540.222222 5540.222222 5540.222222 5540.222222 5540.222222 5540.222222 5540.222222 5540.222222 5540.222222 5540.222222 5540.222222 5540.222222 5540.222222 5540.222222
5540.222222 5540.222222 5540.222222 5540.222222 5540.222222 5540.222222 5540.222222 5540.222222 5540.222222 5540.222222 5540.222222 5540.222222 5540.222222 5540.222222 5540.222222 5540.222222 5540.222222 5540.222222 5540.222222 5540.222222 5540.222222 5540.222222
5540.222222 5540.222222 5540.222222 5540.222222 5540.222222 5540.222222 5540.222222 5540.222222 5540.222222 5540.222222 5540.222222 5540.222222 5540.222222 5540.222222 5540.222222 5540.222222 5540.222222 5540.222222 5540.222222 5540.222222 5540.222222 5540.222222
5540.222222 5540.222222 5540.222222 5540.222222 5540.222222 5540.222222 5540.222222 5540.222222 5540.222222 5540.222222 5540.222222 5540.222222 5540.222222 5540.222222 5540.222222 5540.222222 5540.222222 5540.222222 5540.222222 5540.222222 5540.222222 5540.222222
5540.222222 5540.222222 5540.222222 5540.222222 5540.222222 5540.222222 5540.222222 5540.222222 5540.222222 5540.222222 5540.222222 5540.222222 5540.222222 5540.222222 5540.222222 5540.222222 5540.222222 5540.222222 5540.222222 5540.222222 5540.222222 5540.222222
5540.222222 5540.222222 5540.222222 5540.222222 5540.222222 5540.222222 5540.222222 5540.222222 5540.222222 5540.222222 5540.222222 5540.222222 5540.222222 5540.222222 5540.222222 5540.222222 5540.222222 5540.222222 5540.222222 5540.222222 5540.222222 5540.222222
5540.222222 5540.222222 5540.222222 5540.222222 5540.222222 5540.222222 5540.222222 5540.222222 5540.222222 5540.222222 5540.222222 5540.222222 5540.222222 5540.222222 5540.222222 5540.222222 5540.222222 5540.222222 5540.222222 5540.222222 5540.222222 5540.222222
5540.222222 5540.222222 5540.222222 5540.222222 5540.222222 5540.222222 5540.222222 5540.222222 5540.222222 5540.222222 5540.222222 5540.222222 5540.222222 5540.222222 5540.222222 5540.222222 5540.222222 5540.222222 5540.222222 5540.222222 5540.222222 5540.222222
5540.222222 5540.222222 5540.222222 5540.222222 5540.222222 5540.222222 5540.222222 5540.222222 5540.222222 5540.222222 5540.222222 5540.222222 5540.222222 5540.222222 5540.222222 5540.222222 5540.222222 5540.222222 5540.222222 5540.222222 5540.222222 5540.222222
5540.222222 5540.222222 5540.222222 5540.222222 5540.222222 5540.222222 5540.222222 5540.222222 5540.222222 5540.222222 5540.222222 5540.222222 5540.222222 5540.222222 5540.222222 5540.222222 5540.222222 5540.222222 5540.222222 5540.222222 5540.222222 5540.222222
5540.222222 5540.222222 5540.222222 5540.222222 5540.222222 5540.222222 5540.222222 5540.222222 5540.222222 5540.222222 5540.222222 5540.222222 5540.222222 5540.222222 5540.222222 5540.222222 5540.222222 5540.222222 5540.222222 5540.222222 5540.222222 5540.222222
5540.222222 5540.222222 5540.222222 5540.222222 5540.222222 5540.222222 5540.222222 5540.222222 5540.222222 5540.222222 5540.222222 5540.222222 5540.222222 5540.222222 5540.222222 5540.222222 5540.222222 5540.222222 5540.222222 5540.222222 5540.222222 5540.222222
5540.222222 5540.222222 5540.222222 5540.222222 5540.222222 5540.222222 5540.222222 5540.222222 5540.222222 5540.222222 5540.222222 5540.222222 5540.222222 5540.222222 5540.222222 5540.222222 5540.222222 5540.222222 5540.222222 5540.222222 5540.222222 5540.222222
5540.222222 5540.222222 5540.222222 5540.222222 5540.222222 5540.222222 5540.222222 5540.222222 5540.222222 5540.222222 5540.222222 5540.222222 5540.222222 5540.222222 5540.222222 5540.222222 5540.222222 5540.222222 5540.222222 5540.222222 5540.222222 5540.222222
5540.222222 5540.222222 5540.222222 5540.222222 5540.222222 5540.222222 5540.222222 5540.222222 5540.222222 5540.222222 5540.222222 5540.222222 5540.222222 5540.222222 5540.222222 5540.222222 5540.222222 5540.222222 5540.222222 5540.222222 5540.222222 5540.222222
5540.222222 5540.222222 5540.222222 5540.222222 5540.222222 5540.222222 5540.222222 5540.222222 5540.222222 5540.222222 5540.222222 5540.222222 5540.222222 5540.222222 5540.222222 5540.222222 5540.222222 5540.222222 5540.222222 5540.222222 5540.222222 5540.222222
5540.222222 5540.222222 5540.222222 5540.222222 5540.222222 5540.222222 5540.222222 5540.222222 5540.222222 5540.222222 5540.222222 5540.222222 5540.222222 5540.222222 5540.222222 5540.222222 5540.222222 5540.222222 5540.222222 5540.222222 5540.222222 5540.222222
5540.222222 5540.222222 5540.222222 5540.222222 5540.222222 5540.222222 5540.222222 5540.222222 5540.222222 5540.222222 5540.222222 5540.222222 5540.222222 5540.222222 5540.222222 5540.222222 5540.222222 5540.222222 5540.222222 5540.222222 5540.222222 5540.222222
5540.222222 5540.222222 5540.222222 5540.222222 5540.222222 5540.222222 5540.222222 5540.222222 5540.222222 5540.222222 5540.222222 5540.222222 5540.222222 5540.222222 5540.222222 5540.222222 5540.222222 5540.222222 5540.222222 5540.222222 5540.222222 5540.222222
5540.222222 5540.222222 5540.222222 5540.222222 5540.222222 5540.222222 5540.222222 5540.222222 5540.222222 5540.222222 5540.222222 5540.222222 5540.222222 5540.222222 5540.222222 5540.222222 5540.222222 5540.222222 5540.222222 5540.222222 5540.222222 5540.222222
5540.222222 5540.222222 5540.222222 5540.222222 5540.222222 5540.222222 5540.222222 5540.222222 5540.222222 5540.222222 5540.222222 5540.222222 5540.222222 5540.222222 5540.222222 5540.222222 5540.222222 5540.222222 5540.222222 5540.222222 5540.222222 5540.222222
