# Analysis Heights for N=4
5244.041902 5285.725580 5301.921233 5336.798446 5374.456338 5380.068986 5421.716705 5436.325401 5447.317747 5471.174566 5499.659414 5509.356384 5520.162013 5524.922487 5524.922487 5532.355199 5568.316201 5591.851145 5591.851145 5596.191466 5601.066466 5620.339194
5245.840321 5269.155538 5312.025580 5342.939750 5367.460291 5392.713914 5424.101321 5450.080342 5455.376355 5444.481282 5495.406541 5471.537031 5500.305834 5522.223836 5524.021866 5528.802086 5566.729245 5585.841044 5583.066466 5592.478231 5596.191466 5597.733133
5221.655089 5246.664774 5320.439750 5339.389750 5365.213914 5384.236902 5447.420409 5434.790799 5438.822629 5458.610314 5464.708861 5461.785170 5469.593624 5525.749976 5497.721178 5510.860328 5541.098450 5576.109945 5576.109945 5582.066466 5592.478231 5597.733133
5222.946826 5250.680159 5281.766805 5294.147157 5312.095874 5374.585817 5422.157574 5406.320851 5443.872685 5425.291299 5437.109481 5446.757625 5469.097301 5446.756174 5498.887259 5475.688026 5545.100840 5577.204397 5576.266466 5580.022988 5573.028565 5589.285250
5216.223926 5256.470363 5285.813823 5310.480490 5329.480490 5344.813823 5368.769988 5413.645329 5397.827176 5407.800057 5409.361746 5409.690115 5410.314661 5413.165704 5417.737132 5430.876283 5484.059239 5549.711855 5535.786828 5556.662159 5584.555838 5599.256369
5208.994857 5249.320044 5290.999008 5333.551918 5344.147157 5346.996619 5373.250535 5385.818103 5387.962001 5387.033743 5395.195754 5396.384778 5406.957681 5429.308561 5435.308561 5451.498993 5459.054504 5553.057763 5561.343478 5558.845782 5595.393493 5596.194775
5187.122315 5232.416822 5284.540308 5308.326022 5329.927404 5350.449728 5361.340380 5381.205244 5394.761432 5398.023345 5411.159709 5413.910117 5414.822257 5414.822257 5404.536255 5433.865881 5453.436477 5500.568400 5499.925543 5543.923491 5554.413687 5547.362405
5178.101317 5222.129827 5260.406514 5297.669340 5323.415308 5349.937255 5364.641424 5393.519867 5409.911808 5407.377629 5425.302799 5431.352545 5422.289395 5418.117246 5421.928532 5434.152983 5454.071095 5513.263522 5522.258876 5517.214546 5526.340142 5531.425531
5176.181027 5210.656272 5246.228685 5276.776885 5318.205456 5349.080113 5391.165814 5402.667740 5421.932919 5434.044366 5438.266447 5453.168408 5436.257250 5436.213871 5445.825414 5436.269906 5455.171910 5482.102293 5519.996596 5542.896814 5543.701032 5531.425531
5163.572331 5206.825502 5221.401099 5275.572401 5320.776885 5365.110124 5406.807134 5425.725128 5434.210901 5443.734016 5445.366237 5463.338265 5469.429678 5440.374458 5429.837302 5441.595699 5453.688641 5478.175631 5523.751431 5533.713552 5538.810954 5536.953812
5172.702766 5218.463679 5232.908124 5270.389605 5325.278599 5386.429168 5424.770514 5441.836037 5455.986911 5466.386344 5476.778501 5484.619818 5462.390958 5457.595158 5447.947136 5462.072752 5460.851591 5461.931010 5469.385704 5544.928967 5538.810954 5565.749560
5156.196657 5195.244276 5263.244388 5306.744910 5375.349324 5396.983939 5431.999430 5458.123841 5479.014737 5490.791965 5501.091111 5513.330205 5496.272577 5473.058192 5483.724859 5486.512904 5457.797860 5481.215334 5477.931858 5480.281356 5593.830820 5593.744240
5156.264075 5197.244276 5294.623698 5369.876796 5380.733939 5410.733939 5454.227811 5496.292967 5514.053395 5532.989887 5524.414343 5526.289975 5513.965114 5496.861595 5509.403968 5482.042293 5505.476923 5487.233976 5485.047243 5546.158489 5597.044351 5603.453880
5197.579002 5225.958632 5305.318876 5383.969233 5411.233939 5440.246134 5480.770454 5510.925651 5528.310080 5564.128262 5574.218704 5571.996603 5584.259311 5572.334222 5578.078982 5537.994996 5541.797174 5533.569467 5578.812937 5582.417019 5602.760113 5665.817218
5203.505654 5280.737791 5324.507633 5406.492140 5424.992140 5461.140341 5522.342740 5524.248728 5570.734654 5567.088290 5599.398929 5597.132399 5603.122292 5603.708070 5602.904786 5598.011237 5548.884949 5574.464919 5562.440350 5640.294065 5668.917905 5731.407933
5199.726760 5284.922982 5339.839288 5362.166363 5438.658807 5488.954650 5533.496586 5546.169000 5594.063911 5601.743822 5620.236531 5631.902605 5638.388522 5649.737637 5649.074966 5641.880471 5617.599430 5660.595739 5614.758433 5643.903759 5751.427238 5750.236762
5224.937488 5270.319432 5362.975846 5360.286657 5502.266090 5509.641090 5543.715905 5566.522902 5604.202838 5632.069666 5639.569666 5667.346652 5661.544841 5662.161879 5691.666167 5700.468043 5670.169813 5707.825494 5746.180461 5765.775682 5763.570096 5779.232136
5261.048599 5290.215265 5365.628762 5445.492598 5510.431968 5517.728739 5554.223837 5594.750800 5617.577754 5651.760473 5660.041723 5667.186610 5695.735114 5708.882855 5738.068672 5741.611683 5757.647957 5741.978042 5763.025699 5774.047128 5820.195362 5820.688164
5261.048599 5295.096218 5383.818303 5474.241953 5498.024562 5562.122798 5574.362662 5610.411826 5634.052408 5660.135494 5672.113296 5697.417725 5704.806467 5726.588979 5743.653350 5758.184600 5775.659795 5798.670389 5815.254644 5825.062590 5841.236818 5863.856662
5244.670192 5319.528701 5429.790150 5488.241953 5500.567535 5571.317377 5597.854066 5625.947540 5646.791971 5665.108888 5694.656345 5719.469425 5737.035541 5756.617317 5772.110524 5782.303467 5790.642151 5814.673434 5819.911529 5830.661748 5858.429981 5873.856662
5265.006990 5412.352093 5443.465826 5486.826569 5556.284691 5605.557754 5617.159352 5650.829058 5667.677798 5702.308906 5699.643798 5729.957777 5749.561392 5775.308210 5784.270541 5805.150751 5817.497783 5835.552555 5848.244863 5854.153954 5860.991001 5884.267883
5342.352654 5426.919115 5456.363560 5552.771434 5603.906178 5625.801613 5631.508841 5670.947074 5700.248616 5708.638956 5721.479685 5763.480169 5784.510782 5802.901494 5806.134252 5824.695561 5833.092894 5842.359958 5853.907028 5861.027265 5872.229096 5890.730068
5338.865247 5466.080765 5493.144591 5568.763035 5604.777049 5620.628401 5643.436534 5682.014251 5704.552400 5721.243879 5742.082178 5752.122932 5779.179755 5810.007073 5824.134337 5824.771815 5834.468138 5846.347713 5847.708352 5864.388284 5882.232896 5884.302600
5337.935759 5474.529041 5498.414099 5570.504356 5585.218438 5633.908851 5655.609924 5687.529446 5703.989692 5724.557850 5763.049470 5764.840797 5787.118139 5809.614813 5817.900205 5839.976217 5839.956217 5848.598868 5859.004248 5862.425636 5878.347734 5882.225650
5395.946586 5473.050697 5502.115248 5554.829045 5590.012266 5635.179966 5670.884649 5699.816153 5715.908509 5745.962619 5759.955761 5781.992344 5785.257650 5804.332947 5813.733785 5832.786190 5847.901194 5852.694160 5859.666937 5877.823929 5892.026515 5902.934926
5444.180797 5467.776115 5531.989532 5568.587666 5592.485172 5651.404131 5663.828614 5690.572343 5716.762834 5754.310445 5771.862738 5791.384634 5796.556352 5814.969919 5835.902132 5852.540117 5859.510245 5874.645380 5882.172399 5895.782947 5902.194186 5907.147889
5460.188702 5482.806884 5540.835686 5568.417610 5607.504329 5642.058780 5663.327761 5687.984624 5721.772214 5749.079907 5772.289095 5784.500062 5804.282907 5818.480440 5839.126683 5848.271982 5877.000254 5899.611810 5897.379371 5907.692761 5910.031223 5923.231223
5444.229106 5470.267754 5570.717610 5575.917610 5583.695387 5601.676459 5686.151290 5706.213790 5728.839286 5759.635462 5779.307012 5789.036741 5812.791217 5827.242345 5853.271539 5881.405946 5892.234834 5901.388962 5911.442012 5921.405382 5930.929192 5946.167287
