# Analysis Heights for N=2
5268.464593 5282.328229 5319.928217 5353.841261 5376.106930 5415.972952 5437.451213 5453.723326 5469.209869 5479.296449 5484.155484 5499.875713 5499.875713 5516.555554 5561.515558 5568.948271 5544.415710 5623.548926 5623.548926 5636.118370 5649.078145 5668.350873
5236.740597 5276.824231 5291.874231 5345.290224 5369.110883 5394.364506 5420.335110 5467.478267 5477.268477 5459.488817 5479.902611 5501.973615 5509.374145 5513.856904 5560.614937 5535.838787 5542.828754 5617.538825 5622.993370 5640.489910 5644.203145 5645.744812
5225.213474 5251.998090 5299.324231 5322.239506 5328.706172 5400.640150 5443.654198 5457.642802 5482.838768 5473.617850 5483.295269 5492.221754 5511.949576 5504.386508 5532.708814 5532.708814 5540.397192 5616.036848 5624.121624 5630.078145 5640.489910 5645.744812
5228.280141 5256.013474 5261.110196 5328.706172 5346.654890 5353.214161 5380.616459 5392.966510 5420.582259 5436.535338 5437.816945 5432.909921 5456.268074 5435.241116 5430.884971 5536.794498 5544.399581 5542.927518 5624.278145 5628.034667 5648.350873 5664.607557
5207.113518 5235.813753 5260.965268 5285.631935 5336.889879 5370.880827 5381.488670 5373.141361 5374.351445 5386.671135 5382.631766 5391.419645 5381.358081 5387.674683 5434.434754 5434.434754 5470.961928 5536.753243 5538.339450 5649.539684 5659.878145 5664.556406
5211.298301 5242.414544 5266.150453 5308.703363 5310.806590 5373.063623 5393.547494 5373.061870 5380.645697 5390.375427 5410.274076 5400.525336 5397.008017 5403.817541 5414.479708 5455.057465 5460.198294 5458.944325 5563.896100 5561.398404 5660.693530 5591.452709
5171.942197 5255.231935 5280.631935 5295.925637 5317.527020 5328.599382 5359.927640 5379.792505 5387.445129 5399.524076 5412.660439 5413.519650 5420.081262 5414.316917 5413.813041 5430.003517 5473.587183 5473.587183 5472.944325 5529.711514 5540.201710 5533.150428
5176.294097 5190.044097 5254.575743 5285.268955 5311.014923 5358.061200 5377.532571 5402.212058 5412.133773 5417.371868 5435.297038 5425.832380 5429.611131 5434.176349 5418.674206 5426.086378 5436.847466 5486.282304 5515.065218 5555.291800 5564.417396 5569.502785
5174.373807 5190.060764 5251.809899 5270.946113 5312.374684 5357.204057 5386.228447 5409.088660 5413.678623 5433.562344 5446.797638 5442.719635 5442.106784 5458.401123 5448.699237 5449.299478 5469.020085 5456.995607 5543.874742 5580.974067 5581.778286 5569.502785
5161.520617 5185.985500 5245.046446 5299.217748 5314.701619 5373.357903 5394.741200 5416.936322 5454.396239 5458.257350 5455.863743 5454.855807 5480.716197 5451.383527 5433.875084 5452.393603 5446.944561 5473.701827 5463.251970 5554.348544 5559.445947 5557.588804
5170.651052 5197.623677 5256.553471 5294.034952 5321.974346 5364.945521 5406.314951 5420.838761 5458.562906 5479.420749 5464.852340 5482.306886 5497.709483 5444.867943 5451.247254 5465.372869 5453.494698 5431.378912 5478.968636 5484.429506 5559.445947 5571.053090
5181.168651 5220.216270 5273.322308 5316.822831 5349.317003 5397.983083 5427.136549 5443.723522 5487.411876 5510.734953 5499.869879 5501.059237 5512.922516 5490.726761 5464.534936 5476.444298 5439.195676 5444.527060 5487.514790 5520.134099 5534.620265 5534.533685
5216.616270 5222.216270 5304.701619 5343.844476 5381.733083 5411.733083 5458.087767 5504.283817 5510.282464 5537.396781 5544.357330 5534.667663 5535.092172 5500.851055 5503.667259 5487.550334 5493.569693 5478.712696 5478.628780 5537.810996 5592.600624 5663.288820
5154.104826 5182.484455 5356.549455 5366.659749 5439.042312 5468.054507 5478.107530 5492.142312 5522.374233 5573.235837 5578.724281 5577.290335 5568.467673 5544.595975 5547.499201 5493.920570 5497.722748 5482.447943 5496.767241 5601.409357 5662.595053 5673.904994
5181.388159 5215.473873 5376.480011 5389.924455 5453.542312 5480.417312 5504.888466 5505.465389 5574.707842 5572.690383 5595.924793 5599.170824 5613.551078 5624.673307 5628.614279 5581.400592 5594.792162 5601.095192 5590.957455 5613.854490 5677.005681 5683.321780
5191.398695 5257.859796 5299.084841 5430.982791 5438.935172 5493.440271 5516.042312 5528.714726 5587.434840 5597.508955 5634.956381 5634.246268 5630.024271 5641.695087 5645.776672 5615.222176 5618.690820 5637.815469 5640.543390 5669.803429 5703.341085 5702.150609
5216.609423 5261.991368 5322.221399 5436.768506 5475.601839 5482.976839 5529.792312 5569.549225 5599.967971 5611.878832 5659.394931 5677.216759 5675.127207 5675.444521 5683.810998 5666.414228 5629.928525 5717.166531 5722.868285 5742.577821 5809.513426 5796.180093
5252.720534 5388.936083 5399.944855 5408.602750 5481.101839 5516.010823 5583.173932 5589.509294 5599.192275 5635.911329 5673.301181 5680.446067 5693.830503 5721.998039 5730.130986 5747.884857 5746.865083 5767.521286 5782.518039 5796.104652 5820.211101 5820.703903
5252.720534 5393.817035 5406.307878 5424.102750 5513.400907 5539.080551 5602.193746 5594.952644 5628.740634 5641.915237 5687.428518 5694.007048 5695.683650 5727.510860 5749.966994 5764.457773 5764.876920 5791.132571 5809.540582 5817.455673 5826.666096 5863.872401
5250.787290 5388.396867 5422.427074 5503.618299 5515.943880 5582.305122 5583.810851 5629.240450 5650.084881 5689.974185 5701.542223 5708.916494 5736.981385 5769.416300 5773.464521 5791.045562 5794.612619 5820.979564 5818.220126 5833.944763 5853.790602 5859.285940
5337.235096 5367.413072 5469.639957 5514.158839 5526.057323 5587.138610 5613.650166 5640.168774 5670.091218 5704.382231 5701.717123 5748.737988 5756.883821 5771.505852 5780.468184 5814.508625 5831.460084 5841.858685 5846.553459 5852.462550 5851.315364 5866.267745
5348.882606 5409.713169 5439.157613 5526.899949 5599.455834 5617.154247 5649.713016 5667.812506 5706.996996 5705.666464 5724.706103 5750.368951 5775.142750 5805.270764 5807.714776 5816.194981 5844.935608 5849.950993 5858.593546 5857.716250 5862.553459 5872.729930
5403.559323 5419.713169 5439.400669 5548.571175 5582.427685 5616.178056 5649.699127 5678.879682 5704.952178 5715.428368 5737.044029 5754.772583 5759.769336 5816.533905 5819.364093 5822.194282 5832.116556 5846.573725 5851.228523 5861.709779 5878.921880 5891.240959
5402.629835 5428.161445 5540.316273 5557.688822 5608.813845 5630.409099 5669.968978 5679.383994 5706.007062 5730.061684 5768.578605 5767.309645 5772.451154 5810.281309 5823.918292 5843.765753 5844.102111 5854.075996 5856.312983 5868.098832 5884.020930 5877.791555
5331.365774 5507.565125 5522.830377 5558.215522 5590.767679 5640.785133 5675.601003 5690.156673 5721.916359 5742.679644 5765.951154 5779.156392 5795.146678 5807.149018 5809.504460 5827.215250 5852.188468 5858.171288 5870.392777 5858.449866 5886.867067 5895.743185
5406.648021 5507.739983 5521.795894 5571.974143 5593.240585 5657.009299 5657.927473 5691.911059 5706.172933 5750.833298 5764.740274 5788.548682 5799.054044 5821.529654 5830.331192 5844.892595 5850.926597 5866.061732 5860.766043 5888.591205 5895.002444 5899.956148
5422.655926 5522.770752 5530.816906 5571.794919 5587.072696 5636.157639 5649.914755 5689.323339 5711.182314 5751.833298 5765.166631 5789.898199 5797.257003 5807.279152 5840.074781 5849.220080 5866.384313 5891.376364 5890.187629 5900.501019 5902.839481 5916.039481
5406.696330 5510.231621 5546.770752 5551.970752 5587.072696 5587.072696 5672.738284 5692.800784 5742.590873 5762.388853 5765.211676 5794.434879 5801.589929 5816.041057 5845.855001 5897.013414 5908.316445 5914.442881 5895.885635 5905.849005 5915.372814 5930.610909
