# Analysis Heights for N=10
5234.160161 5266.669513 5282.865165 5323.806967 5342.107362 5362.504884 5383.983145 5396.243401 5411.729943 5425.142476 5470.521306 5465.961289 5457.815097 5478.839913 5506.238096 5513.670808 5507.636207 5512.691763 5512.691763 5532.768805 5537.643805 5556.916532
5235.479810 5258.795027 5284.262004 5329.948271 5335.111314 5375.149811 5386.367760 5409.998342 5419.788552 5422.579589 5452.011445 5468.059191 5467.313530 5461.000927 5484.190125 5497.650030 5506.049250 5506.681662 5519.643805 5529.055570 5532.768805 5534.310471
5228.258953 5275.846620 5291.712004 5326.398271 5332.864938 5354.931155 5391.890080 5408.910873 5422.303727 5432.243081 5437.188977 5451.442543 5469.888961 5464.527067 5474.769817 5494.520057 5493.301472 5494.863468 5512.687283 5518.643805 5529.055570 5520.680325
5229.118337 5256.851670 5308.940265 5332.864938 5344.453271 5359.873354 5390.255342 5411.541146 5427.353782 5429.049874 5445.927979 5448.735387 5455.533706 5467.126687 5478.855502 5489.698778 5497.303861 5505.396370 5499.146261 5502.902782 5523.286386 5533.490689
5231.565117 5243.496936 5293.167845 5330.074560 5361.837887 5373.548208 5384.156051 5410.082326 5420.653433 5439.443349 5425.244003 5430.898556 5438.105763 5454.514803 5455.154795 5493.248561 5479.898091 5501.946261 5503.532467 5524.407799 5528.761277 5533.439538
5219.587813 5237.674050 5276.806576 5353.145989 5360.118215 5363.307328 5383.791199 5410.002835 5419.189592 5411.650013 5423.402470 5430.881298 5436.813680 5437.651961 5461.879232 5472.380319 5499.759202 5496.832517 5529.089118 5520.606439 5529.576662 5530.377944
5215.611750 5239.120840 5275.125971 5304.071275 5350.676558 5378.250658 5383.791199 5382.696470 5405.857333 5393.737168 5406.873532 5417.941083 5424.191883 5425.192142 5418.794028 5431.428126 5480.505740 5511.475374 5497.185060 5507.166861 5517.657058 5500.942693
5204.649098 5241.104174 5267.763788 5284.631991 5319.645067 5363.626793 5371.290649 5391.102840 5404.262433 5409.796190 5422.989836 5422.410263 5419.961386 5421.401366 5435.141545 5435.324323 5448.923836 5485.605786 5519.518393 5525.084674 5532.209661 5568.285821
5183.385303 5229.830558 5283.879408 5293.858397 5339.422053 5362.769650 5393.417123 5408.372424 5412.962388 5432.846109 5442.822554 5437.377405 5426.489867 5440.550841 5442.460590 5445.418878 5481.096455 5489.423146 5516.158989 5516.597405 5549.570552 5568.285821
5170.935854 5195.973574 5256.084104 5323.745929 5336.174683 5377.910730 5402.026612 5427.725033 5436.210805 5436.589105 5440.808318 5447.977719 5462.461825 5460.036837 5455.664591 5462.343134 5480.518513 5486.947672 5495.494880 5521.306639 5542.002751 5562.317050
5153.690497 5208.453703 5240.801747 5291.773751 5348.369149 5402.000787 5413.098879 5433.643687 5446.025089 5461.533867 5456.962165 5468.535821 5476.119349 5476.491600 5474.689555 5475.565942 5478.210620 5500.923077 5502.241595 5539.301435 5533.183422 5575.781336
5160.237592 5227.849033 5253.631157 5314.561629 5375.711806 5420.841451 5431.292899 5451.030434 5462.891304 5487.394930 5492.811856 5490.977187 5496.721867 5496.720732 5483.322440 5497.075842 5488.818896 5496.370301 5551.488074 5550.125703 5572.383201 5609.646140
5195.685211 5230.594710 5288.774119 5341.244441 5390.133477 5435.179877 5453.521281 5489.167438 5491.514217 5521.825299 5521.844337 5512.717900 5524.613394 5528.284436 5532.698704 5517.118629 5512.958109 5523.689586 5555.204640 5568.115650 5595.116298 5613.484790
5177.452937 5234.396389 5301.799827 5354.243731 5409.882302 5464.692072 5474.745095 5497.277242 5518.866544 5556.100388 5564.176500 5555.767352 5558.410831 5540.826809 5544.987986 5539.925231 5548.555267 5559.023803 5573.343101 5596.960872 5609.392204 5638.854962
5204.736270 5258.559343 5332.541336 5376.131891 5412.261116 5480.536966 5519.519546 5527.724910 5570.799044 5564.264815 5587.287301 5593.180154 5613.559008 5597.458359 5581.541329 5599.393843 5599.467879 5616.528419 5622.169445 5656.359523 5654.923575 5674.403535
5219.758738 5284.101215 5371.170670 5415.978434 5425.927783 5497.435704 5540.465358 5553.137771 5588.471191 5606.990985 5623.440441 5636.118648 5634.726174 5631.547193 5644.606760 5635.386777 5657.425835 5644.479488 5658.529288 5686.776517 5738.740785 5737.550309
5253.816624 5325.721026 5384.184867 5397.581043 5470.389447 5521.799190 5557.942530 5584.176105 5606.349284 5623.808434 5634.712768 5665.988515 5673.786875 5687.730268 5673.934119 5693.375839 5693.563339 5721.794507 5732.446801 5724.363479 5750.883642 5737.550309
5289.927735 5342.445261 5383.666185 5424.912757 5489.221162 5528.674190 5582.770962 5594.464108 5627.370003 5643.946817 5655.304605 5669.217823 5698.710849 5698.336328 5710.995459 5715.160989 5725.545382 5729.344747 5768.185253 5788.019903 5782.517578 5783.010380
5295.968684 5360.228455 5405.323703 5456.894984 5531.883720 5554.754172 5586.471807 5614.534652 5652.098550 5664.225679 5679.514267 5695.278030 5714.078586 5713.342028 5749.047373 5754.543557 5770.535609 5769.680518 5807.533121 5822.090915 5811.892317 5826.178878
5289.927324 5365.362112 5427.563107 5511.109001 5543.348909 5598.225426 5601.306732 5630.853435 5667.764409 5676.360454 5688.297072 5704.363866 5739.826853 5755.512990 5771.743789 5783.605234 5792.553824 5794.308916 5808.822429 5831.931199 5843.403531 5844.512161
5338.504528 5384.506425 5503.090857 5521.649542 5553.462352 5604.997219 5614.660510 5655.405095 5672.253835 5692.539133 5700.288587 5725.799130 5746.811406 5764.576610 5780.256453 5805.154397 5811.044705 5824.581159 5837.273466 5852.457975 5851.870321 5859.867472
5375.884395 5391.995506 5510.330358 5518.102235 5583.342476 5615.696274 5640.834511 5663.384041 5705.529669 5707.090411 5723.545137 5752.267167 5764.241663 5796.617941 5811.307597 5820.816103 5825.545552 5833.519696 5842.058484 5854.313084 5869.873444 5880.049914
5388.478952 5440.752515 5498.623701 5557.782317 5570.842730 5611.441722 5644.175063 5678.258405 5705.949541 5720.659504 5738.608104 5760.981780 5770.702348 5804.418236 5817.331380 5825.571956 5827.032052 5834.265709 5839.820550 5850.301806 5874.254270 5895.436863
5423.669182 5463.946972 5520.436435 5566.899964 5570.842730 5614.911694 5652.702484 5678.270831 5704.525374 5725.184671 5761.827270 5767.626225 5789.399957 5807.568924 5814.037587 5840.708522 5844.585334 5856.779949 5858.472002 5869.769570 5885.691669 5892.069997
5425.037843 5476.267927 5522.168656 5553.939020 5572.479796 5623.786636 5660.474395 5692.111410 5718.925446 5741.573047 5759.193672 5778.431000 5794.427920 5807.977087 5809.257410 5837.961320 5851.001140 5859.533723 5873.911364 5887.483974 5901.686560 5908.929674
5452.672609 5479.306221 5526.141396 5567.697641 5588.749655 5642.768848 5667.013209 5697.487255 5717.668747 5751.599005 5771.100648 5789.092379 5805.726621 5821.282604 5834.269681 5860.467351 5864.184640 5879.319775 5886.582270 5900.192817 5906.604056 5913.142637
5471.718809 5494.336991 5534.987550 5548.641396 5603.768812 5629.212877 5652.943453 5687.396721 5722.678128 5753.339733 5773.953114 5790.573587 5805.229663 5826.837243 5846.057390 5861.541997 5879.642356 5886.561154 5897.467923 5910.351410 5914.441093 5927.641093
5455.759213 5481.797860 5550.941396 5556.141396 5600.511510 5600.511510 5676.756004 5696.818504 5729.302208 5756.108874 5762.933384 5793.619448 5809.392559 5838.132478 5853.827402 5871.333895 5886.986442 5893.112878 5903.165929 5915.699395 5925.223205 5940.461300
