# InterpolatedAnalysis2-heights
61.111030
43.076037
49.881136
147.661792
170.327832
155.157809
nan
108.901673
311.127909
202.148096
nan
82.022038
301.753953
79.015799
303.354799
55.510314
116.094811
222.398718
322.119650
66.869546
32.450165
116.596668
290.606822
-76.156602
180.772157
-5.847045
158.287764
13.685700
111.281905
-32.346991
118.323880
130.891481
-40.978557
170.343825
50.750435
-45.874836
7.416273
-99.140092
102.815498
19.542555
-92.634536
-90.092295
85.613328
-154.557600
151.569705
-17.422146
-79.966458
55.869233
172.809890
-0.576134
-70.868902
-134.346102
66.844146
122.536808
-35.785426
-8.251377
122.280535
-37.050034
-19.419226
-29.281349
75.366088
-59.934940
27.692136
-88.473291
61.876907
-6.179571
-11.278191
42.420429
121.022655
19.071910
-59.920895
-0.413162
-45.147772
-56.817259
-33.501075
23.986329
nan
-120.821462
-81.206043
nan
nan
46.879905
-104.405471
-79.883388
97.445404
-80.327634
96.154995
-179.430774
-113.183309
-61.652750
-44.749207
-113.939920
-6.892276
-190.516146
-131.497247
-76.842192
-136.542901
-108.461889
-153.038555
-119.947836
5.336123
24.562846
-17.360345
95.342432
61.998979
78.531762
27.925970
-40.677326
-33.532292
56.069784
-0.984411
81.379302
-37.153254
-42.610421
nan
-76.353818
-50.713728
-100.661973
-114.309524
76.043616
-27.661512
nan
-79.284522
63.162128
-105.703783
-6.940967
-9.267922
-49.289218
57.128045
32.365192
-30.855984
45.926965
-1.939620
13.182508
2.292203
