# InterpolatedAnalysis10-heights
16.778795
9.531815
18.672335
-16.202441
76.983815
71.175500
nan
64.274358
174.427116
141.523752
nan
0.902606
204.791118
18.696877
194.107818
-20.952696
38.205441
92.266717
218.747264
21.172306
13.825950
-8.047629
208.961065
-72.291668
122.333909
-14.551544
67.521809
-17.817361
91.476217
2.348093
95.092865
38.491735
-35.116455
93.263210
26.480551
-67.934044
14.448524
-32.388922
75.526962
-19.853775
-3.554261
-13.912692
46.778904
-105.982636
115.986641
5.133196
-2.386580
6.980867
143.946817
3.677269
2.800081
-95.829100
0.335225
26.866372
-16.868644
-39.256390
26.229741
-21.247576
3.724423
-9.979218
16.409340
31.020160
-2.381046
-1.976801
30.615156
-11.232391
29.549996
-9.112934
19.210561
31.122667
-8.254288
-18.293281
-8.166480
-15.557488
3.445487
-0.150667
nan
-26.533758
8.273478
nan
nan
-12.988327
-3.624054
-17.016335
41.666248
-18.988264
54.108774
-107.618612
-28.434755
-64.598830
5.614819
-28.614146
-10.790560
-200.579559
-90.388099
14.161280
-120.959326
-19.539003
-134.898245
-99.150842
7.386986
21.924580
-0.354093
65.248689
37.975269
47.193521
31.231675
-14.042704
0.557121
-11.118501
0.239182
-10.474365
-17.412130
2.912543
nan
12.817181
-20.611556
-34.318294
-16.813652
-4.213458
-21.449767
nan
10.035253
1.461180
-14.950601
-12.935602
-38.783221
-48.032212
-9.284744
27.479044
4.870816
61.676744
-26.239726
13.601729
-27.245064
