# InterpolatedAnalysis4-heights
1.106737
12.939936
2.006531
-63.165673
67.970195
63.341714
nan
64.121605
157.498636
132.850356
nan
16.528518
192.632818
2.364353
184.953772
-32.482802
45.466700
81.156839
203.557660
20.300474
-0.769472
-23.669246
195.149151
-32.439897
113.272443
18.353018
40.968123
-11.049207
105.471849
2.275548
108.518480
25.482190
-21.215153
71.664566
36.222514
-60.123167
9.673036
-12.345857
88.591892
-15.612017
-1.697187
-3.440801
18.414779
-103.048100
119.907867
12.204814
-4.430128
-13.043353
156.590408
12.698258
-2.304407
-94.566149
7.623932
5.354834
16.969813
-37.793588
3.611239
10.789213
-8.282623
-8.590304
22.034185
37.476549
3.729430
4.079327
42.945307
3.092084
24.816831
-5.193190
9.048034
30.385403
-9.893124
-2.073050
-8.343034
-14.272588
4.043591
1.785118
nan
-20.793191
2.275898
nan
nan
-35.097590
1.651507
-4.028876
24.208456
-5.563646
36.261810
-91.390856
-28.516050
-24.495461
6.813949
-28.511672
-9.953836
-199.323447
-88.855275
7.222425
-75.154380
-19.248945
-59.972089
-55.038282
3.459480
-15.375523
7.939351
77.015096
11.119743
55.947498
-8.554968
-15.039087
0.454633
7.849076
-12.402354
-1.341887
-16.591016
2.749948
nan
20.168405
-2.873753
-17.077646
-5.994212
-15.589692
-8.105507
nan
9.918012
1.546790
-18.862884
1.916759
-38.810132
-23.066470
10.035571
71.910136
6.276286
64.022225
-17.626606
25.001250
-21.864914
