# Background-AnalysisN2
0.171771 0.171771 -21.232565 -21.232565 -25.197839 -59.451213 -59.451213 -61.114630 -61.114630 -61.114630 -37.488817 -43.512076 -43.512076 -43.512076 -88.472080 -88.472080 -58.915710 -132.993370 -132.993370 -132.993370 -141.078145 -141.078145
33.694185 16.925769 16.925769 -6.540224 -25.197839 -25.197839 -39.950494 -61.114630 -61.114630 -37.488817 -37.488817 -43.512076 -43.512076 -43.512076 -88.472080 -58.915710 -58.915710 -132.993370 -132.993370 -141.078145 -141.078145 -141.078145
48.386526 48.386526 16.925769 12.960494 12.960494 -39.950494 -39.950494 -39.950494 -61.114630 -37.488817 -37.488817 -43.512076 -43.512076 -30.515540 -58.915710 -58.915710 -58.915710 -132.993370 -141.078145 -141.078145 -141.078145 -141.078145
48.386526 48.386526 72.368065 12.960494 12.960494 21.452506 21.452506 27.356071 6.191935 6.191935 16.728510 28.232936 11.673102 41.229472 46.993817 -58.915710 -58.915710 -58.789587 -141.078145 -141.078145 -141.078145 -141.078145
89.136482 72.368065 72.368065 72.368065 40.110121 21.452506 21.452506 54.505697 54.505697 60.975924 71.913688 71.913688 89.182459 89.182459 46.993817 46.993817 15.288072 -50.753243 -50.753243 -141.078145 -141.078145 -141.078145
89.136482 72.368065 72.368065 72.368065 80.860077 21.452506 21.452506 54.505697 60.975924 60.975924 60.975924 71.913688 89.182459 89.182459 84.520292 46.993817 45.912817 45.912817 -50.753243 -50.753243 -141.078145 -71.036042
132.148712 72.368065 72.368065 80.860077 80.860077 80.860077 55.072360 55.072360 60.975924 60.975924 60.975924 72.480350 78.755947 84.520292 84.520292 84.520292 45.912817 45.912817 45.912817 -8.535043 -8.535043 -8.535043
139.539236 139.539236 95.053887 80.860077 80.860077 62.795943 44.967429 44.967429 51.437656 51.437656 51.437656 70.417620 76.693216 76.693216 96.006645 96.006645 89.104915 45.912817 26.125258 -8.535043 -8.535043 -8.535043
139.539236 139.539236 113.362515 95.053887 95.053887 62.795943 62.795943 51.437656 51.437656 51.437656 51.437656 70.417620 76.693216 76.693216 96.006645 96.006645 89.104915 107.259712 26.125258 -8.535043 -8.535043 -8.535043
139.783730 139.783730 95.298381 95.298381 95.298381 62.795943 59.161239 59.161239 30.187094 30.187094 47.982411 66.962375 66.962375 99.343746 118.532323 118.532323 136.074307 107.259712 113.831364 32.696910 32.696910 32.696910
139.783730 139.783730 95.298381 95.298381 95.298381 95.298381 59.161239 59.161239 30.187094 30.187094 55.147660 55.147660 55.147660 119.269988 119.269988 119.269988 136.687120 160.102569 113.831364 113.831364 32.696910 32.696910
139.783730 139.783730 95.298381 95.298381 95.298381 68.266917 50.180524 48.015608 16.188124 16.188124 37.352343 55.147660 55.147660 86.606572 123.465064 119.269988 160.102569 160.102569 113.831364 83.561553 83.561553 83.561553
139.783730 139.783730 95.298381 95.298381 68.266917 68.266917 41.457688 21.206379 16.188124 16.188124 16.188124 34.499004 50.670539 86.606572 96.332741 115.553114 115.553114 129.832759 129.832759 83.561553 28.794725 -35.483942
203.811841 203.811841 86.575545 86.575545 41.457688 41.457688 41.457688 41.457688 18.353040 3.309617 3.309617 9.267042 25.438577 55.404024 55.404024 115.553114 115.553114 129.832759 129.832759 28.794725 -35.483942 -35.483942
203.811841 203.811841 86.575545 86.575545 41.457688 41.457688 41.457688 41.457688 8.327872 3.309617 -0.758126 -0.758126 -0.781847 -6.392057 -6.392057 44.531611 25.571475 25.571475 41.350238 29.410816 -35.483942 -35.483942
218.946132 186.967790 186.967790 69.731494 69.731494 41.457688 41.457688 41.457688 8.327872 5.933668 -17.623048 -11.665623 -0.781847 -6.392057 -6.392057 25.571475 25.571475 8.110456 8.110456 -22.928429 -35.483942 -35.483942
218.946132 218.946132 186.967790 69.731494 69.731494 69.731494 41.457688 20.977091 5.933668 5.933668 -34.082431 -34.082431 -34.082431 -27.717248 -27.717248 -11.101728 25.571475 -54.534952 -54.534952 -70.945168 -129.513426 -129.513426
218.946132 111.897250 111.897250 111.897250 69.731494 43.572510 12.904499 12.904499 12.904499 -4.973829 -34.082431 -34.082431 -36.138195 -63.664706 -63.840664 -78.051524 -78.051524 -97.339468 -97.339468 -99.904652 -129.513426 -129.513426
218.946132 111.897250 111.897250 111.897250 46.381701 43.572510 -5.847593 12.904499 -0.169205 -0.169205 -36.138195 -36.138195 -36.138195 -63.664706 -78.091994 -78.051524 -78.051524 -97.339468 -99.163223 -99.904652 -114.926965 -129.513426
228.867882 111.897250 111.897250 46.381701 46.381701 10.035303 10.035303 -5.847593 -5.847593 -37.140852 -44.001240 -44.001240 -60.212155 -82.849136 -82.849136 -97.819756 -97.779285 -114.550993 -106.553459 -106.553459 -114.926965 -114.926965
160.006283 160.006283 78.360043 46.381701 46.381701 10.035303 -4.874656 -4.874656 -17.948361 -37.140852 -37.140852 -71.571321 -71.571321 -82.849136 -82.849136 -103.991383 -114.550993 -114.550993 -106.553459 -106.553459 -106.553459 -106.553459
160.006283 115.286831 115.286831 33.640592 -11.678056 -11.678056 -26.588016 -26.588016 -32.095035 -32.095035 -44.016448 -48.439126 -71.571321 -89.020764 -88.232018 -88.232018 -114.550993 -114.550993 -114.550993 -106.553459 -106.553459 -106.553459
115.286831 115.286831 115.286831 27.017061 6.220963 -11.678056 -26.588016 -26.588016 -32.095035 -32.095035 -36.517713 -49.951154 -49.951154 -88.232018 -88.232018 -88.232018 -96.626360 -107.185970 -107.185970 -107.185970 -106.553459 -106.553459
115.286831 115.286831 27.017061 27.017061 -20.165196 -20.165196 -38.064216 -26.557907 -37.027471 -42.753991 -49.951154 -49.951154 -49.951154 -77.628248 -88.232018 -94.599087 -91.058633 -90.122507 -90.122507 -94.315048 -94.315048 -84.888329
186.550893 48.204106 48.204106 20.784478 -0.481964 -20.244593 -28.421516 -23.490006 -37.027471 -37.027471 -49.951154 -50.993127 -63.718107 -74.087794 -74.087794 -76.997858 -88.932654 -90.122507 -90.122507 -67.824866 -82.039481 -82.039481
125.525892 48.029248 48.204106 20.784478 -0.481964 -20.244593 -8.738284 -23.490006 -23.490006 -36.833298 -36.833298 -50.993127 -56.326771 -74.087794 -76.997858 -76.997858 -76.061733 -76.061733 -67.824866 -82.039481 -82.039481 -82.039481
125.525892 48.029248 48.029248 20.705081 20.705081 -8.738284 -8.738284 -23.490006 -23.490006 -36.833298 -36.833298 -56.326771 -56.326771 -56.326771 -76.997858 -76.997858 -76.061733 -94.134984 -82.039481 -82.039481 -82.039481 -82.039481
125.525892 48.029248 48.029248 48.029248 20.705081 20.705081 -8.738284 -8.738284 -36.833298 -36.833298 -36.833298 -56.326771 -56.326771 -56.326771 -76.997858 -110.649778 -110.649778 -110.649778 -82.039481 -82.039481 -82.039481 -82.039481
