# Background-AnalysisN4
24.594462 -3.225580 -3.225580 -4.189750 -23.547247 -23.547247 -43.716705 -43.716705 -39.222509 -52.992748 -52.992748 -52.992748 -63.798377 -51.879009 -51.879009 -51.879009 -82.816201 -101.295589 -101.295589 -93.066466 -93.066466 -93.066466
24.594462 24.594462 -3.225580 -4.189750 -23.547247 -23.547247 -43.716705 -43.716705 -39.222509 -22.481282 -52.992748 -13.075492 -34.443765 -51.879009 -51.879009 -51.879009 -82.816201 -101.295589 -93.066466 -93.066466 -93.066466 -93.066466
51.944911 53.719841 -4.189750 -4.189750 -23.547247 -23.547247 -43.716705 -17.098491 -17.098491 -22.481282 -18.902409 -13.075492 -1.156124 -51.879009 -23.928074 -37.067225 -59.616969 -93.066466 -93.066466 -93.066466 -93.066466 -93.066466
53.719841 53.719841 51.711455 47.519510 47.519510 0.080850 -20.088608 14.001730 -17.098491 17.435973 17.435973 14.385232 -1.156124 29.714414 -21.008471 2.190761 -59.616969 -93.066466 -93.066466 -93.066466 -65.755838 -65.755838
80.026074 51.711455 47.519510 47.519510 47.519510 47.519510 34.171188 14.001730 31.029967 39.847002 45.183708 53.643218 60.225879 63.691439 63.691439 50.552289 2.190761 -63.711855 -48.200621 -48.200621 -65.755838 -75.778108
91.439926 65.462565 47.519510 47.519510 47.519510 47.519510 41.749465 41.749465 53.659621 64.317609 76.054246 76.054246 79.232795 63.691439 63.691439 50.552289 47.056607 -48.200621 -48.200621 -48.200621 -75.778108 -75.778108
116.968594 95.183178 68.459692 68.459692 68.459692 59.009732 53.659621 53.659621 53.659621 62.476655 62.476655 72.089883 84.014953 84.014953 93.797079 80.657928 66.063523 18.931600 18.931600 -22.747020 -22.747020 -22.747020
137.732016 107.453507 89.223115 68.459692 68.459692 70.919887 57.858576 53.659621 53.659621 61.431895 61.431895 64.897455 84.014953 92.752319 92.752319 87.940040 71.881286 18.931600 18.931600 29.542211 29.542211 29.542211
137.732016 118.943728 118.943728 89.223115 89.223115 70.919887 57.858576 57.858576 43.183360 50.955634 59.968847 59.968847 82.542750 98.880468 98.880468 109.036217 102.953090 82.153026 50.003404 29.542211 29.542211 29.542211
137.732016 118.943728 118.943728 118.943728 89.223115 71.043722 47.095305 50.372433 50.372433 44.710429 58.479917 58.479917 78.248894 110.352814 122.570105 129.330227 129.330227 102.785907 53.331903 53.331903 53.331903 53.331903
137.732016 118.943728 118.943728 118.943728 91.994128 73.814735 40.705677 38.163963 32.763089 43.221499 43.221499 52.834727 90.466185 106.542773 122.570105 122.570105 129.330227 129.550472 123.414296 53.331903 53.331903 38.000440
164.755724 164.755724 105.376302 105.376302 69.266061 69.266061 45.317643 33.615289 24.585263 36.131111 36.131111 42.876691 71.797598 104.275141 104.275141 109.201382 141.500386 123.414296 123.414296 123.414296 24.350998 24.350998
200.135925 164.755724 105.376302 69.266061 69.266061 69.266061 45.317643 29.197229 12.417193 20.595019 36.131111 42.876691 71.797598 90.596032 90.596032 121.061155 103.645884 121.311479 123.414296 75.214060 24.350998 24.350998
160.337664 160.337664 137.806124 69.266061 69.266061 69.266061 38.794763 22.674349 12.417193 12.417193 7.815194 14.560774 9.646939 27.665778 24.824243 71.478688 71.478688 78.711235 47.787063 47.787063 24.350998 -27.396166
181.694346 138.547923 138.547923 70.007860 70.007860 60.734659 24.003414 22.674349 12.301060 8.911710 -4.232263 1.280299 9.646939 14.573180 19.317437 27.920967 71.478688 52.201748 69.867343 2.971241 -27.396166 -83.570096
210.618068 159.904605 146.213343 138.547923 70.007860 45.943309 24.003414 24.003414 1.698801 1.698801 -2.903198 -9.321960 -9.146098 -14.434607 -9.690350 -1.086820 26.662866 -14.669813 33.895413 2.971241 -83.570096 -83.570096
210.618068 210.618068 146.213343 146.213343 43.067243 43.067243 27.534095 24.003414 1.698801 -14.257166 -14.257166 -24.212323 -20.500065 -14.434607 -35.572417 -45.155543 -14.669813 -45.193915 -77.847128 -94.143029 -83.570096 -112.565469
210.618068 210.618068 146.213343 75.007402 40.401365 41.854594 41.854594 7.662993 -5.480980 -20.822973 -20.822973 -20.822973 -38.042806 -50.549521 -71.778350 -71.778350 -88.834398 -71.796224 -77.847128 -77.847128 -129.497688 -129.497688
210.618068 210.618068 134.386825 61.758047 61.758047 20.530263 21.983492 -2.554683 -5.480980 -18.389463 -20.822973 -39.548872 -45.261012 -62.742825 -71.778350 -71.778350 -88.834398 -104.877285 -104.877285 -107.511570 -129.497688 -129.497688
234.984981 180.765417 104.534174 61.758047 61.758047 21.023049 -4.007912 -2.554683 -2.554683 -12.275555 -37.115361 -54.554171 -60.266311 -70.050153 -81.495139 -89.077661 -93.808817 -108.244863 -108.244863 -103.270443 -119.566345 -129.497688
232.234390 115.067262 104.534174 73.713972 16.154334 -8.383841 -8.383841 -15.534941 -15.534941 -35.067527 -35.067527 -52.791110 -64.248892 -86.651494 -86.651494 -94.633510 -100.588692 -108.244863 -108.244863 -108.244863 -116.229096 -124.553598
166.536235 98.080885 98.080885 7.769106 -16.128400 -20.325423 -8.383841 -29.722584 -25.346655 -35.067527 -40.790030 -61.550345 -80.939354 -86.651494 -86.651494 -96.732598 -102.708278 -106.959958 -109.864475 -109.864475 -116.229096 -124.553598
179.980907 68.919235 61.542909 6.825200 -16.128400 -16.128400 -20.325423 -29.722584 -31.695257 -37.910546 -41.555862 -47.301503 -69.361573 -81.705186 -93.002262 -90.809550 -98.977942 -106.959958 -103.665799 -109.864475 -109.864475 -99.615100
179.980907 68.919235 68.919235 14.201526 3.430211 -23.664948 -23.705162 -34.703359 -35.010100 -37.250158 -44.422020 -47.482306 -64.618139 -76.961751 -82.213931 -90.809550 -86.912738 -84.645380 -92.813771 -88.641852 -88.641852 -89.322424
121.970081 82.718534 68.919235 24.170955 0.273448 -14.639425 -23.705162 -33.149487 -31.019620 -40.310445 -43.955761 -53.829079 -53.829079 -71.271722 -78.317119 -82.568798 -84.645380 -84.645380 -79.396666 -87.198929 -87.198929 -89.231223
87.993116 87.993116 38.010468 24.170955 0.273448 -14.639425 -14.639425 -22.151290 -34.079907 -40.310445 -43.955761 -53.829079 -53.829079 -67.528059 -82.568798 -84.645380 -84.645380 -84.645380 -89.231223 -89.231223 -89.231223 -89.231223
87.993116 87.993116 38.010468 24.082390 0.273448 -14.639425 -22.151290 -22.151290 -34.079907 -34.079907 -43.955761 -50.928633 -63.352674 -67.528059 -76.049760 -76.049760 -86.677674 -102.370430 -89.231223 -89.231223 -89.231223 -89.231223
87.993116 87.993116 24.082390 24.082390 24.082390 6.101319 -22.151290 -22.151290 -23.081710 -34.079907 -50.928633 -50.928633 -67.528059 -67.528059 -84.414396 -95.042309 -94.568168 -97.595858 -97.595858 -97.595858 -97.595858 -97.595858
