# Background-AnalysisN10
34.476202 15.830487 15.830487 8.801729 8.801729 -5.983145 -5.983145 -3.634705 -3.634705 -6.960658 -23.854640 -9.597652 -1.451461 -5.796435 -33.194617 -33.194617 -22.136207 -22.136207 -22.136207 -29.643805 -29.643805 -29.643805
34.954973 34.954973 24.537996 8.801729 8.801729 -5.983145 -5.983145 -3.634705 -3.634705 -0.579589 -9.597652 -9.597652 -1.451461 9.343901 -12.047268 -20.726953 -22.136207 -22.136207 -29.643805 -29.643805 -29.643805 -29.643805
45.341047 24.537996 24.537996 8.801729 8.801729 5.758500 11.813624 8.781434 -0.579589 3.885951 8.617475 -2.732865 -1.451461 9.343901 -0.976714 -20.726953 -11.819990 -11.819990 -29.643805 -29.643805 -29.643805 -16.013659
47.548330 47.548330 24.537996 8.801729 15.162113 14.793313 11.813624 8.781434 -0.579589 13.677399 8.617475 12.407470 12.407470 9.343901 -0.976714 -11.819990 -11.819990 -21.258439 -15.946261 -15.946261 -16.013659 -9.961277
64.684883 64.684883 40.165489 27.925440 15.162113 18.785126 18.785126 17.564733 8.203710 8.203710 29.301452 32.434777 32.434777 22.342340 26.273776 -11.819990 6.351909 -15.946261 -15.946261 -15.946261 -9.961277 -9.961277
80.846969 77.108558 61.711942 27.925440 31.548452 31.208801 31.208801 17.564733 22.432029 39.701339 47.847530 41.557727 49.376796 55.348039 37.120768 29.670963 6.351909 8.024626 -15.946261 -9.961277 -9.961277 -9.961277
88.479160 88.479160 77.874029 72.714439 47.710539 31.208801 31.208801 52.168394 42.563720 66.762832 66.762832 68.058917 74.645326 73.645067 79.539306 83.095684 38.994260 8.024626 21.672083 14.009609 14.009609 23.672691
111.184235 88.479160 81.865842 81.497041 72.229933 57.230350 51.209351 56.076648 59.308996 59.013334 63.744858 73.839737 86.342962 89.468199 79.539306 86.768700 77.028545 46.589336 21.672083 21.672083 23.672691 -7.318079
130.527740 99.769442 81.293005 72.141603 68.006519 57.230350 55.607267 52.153892 52.153892 52.153892 55.412741 75.759850 92.310133 94.543498 102.245293 99.887244 77.028545 74.832173 53.841011 55.841619 23.672691 -7.318079
130.368494 129.795657 84.260723 70.770201 73.825317 58.243116 51.875827 48.372528 48.372528 51.855340 63.037835 73.840463 85.216747 90.690435 96.742817 108.582791 102.500355 94.013867 81.588453 65.738816 50.140106 27.968664
156.744286 128.953705 111.050105 97.559583 68.903578 58.243116 52.377312 46.356313 42.724911 48.073977 63.037835 68.918724 76.737794 87.646331 95.827686 109.076915 111.971198 90.558405 90.558405 58.959435 58.959435 27.968664
160.714789 132.150967 114.989532 97.559583 68.903578 45.408549 46.024174 40.708696 40.708696 39.528147 44.410366 65.229709 71.348309 80.612601 104.677560 98.638444 110.479350 108.259328 49.858080 53.569950 45.798618 8.449098
160.714789 131.405290 111.225881 97.898417 59.866523 44.820123 46.024174 36.322758 34.956371 31.759606 38.701117 56.448767 61.149317 59.173191 67.301296 85.984819 96.164698 84.855869 53.256899 53.256899 26.279051 14.320088
180.463730 151.899908 141.325173 98.991564 70.617698 44.820123 44.820123 36.322758 21.860729 20.445067 17.857399 30.790025 35.495419 59.173191 57.915240 69.548453 64.720595 53.256899 53.256899 33.243209 17.718907 -0.433909
180.463730 160.726372 130.514219 100.368109 82.738884 41.338034 26.826608 19.198166 12.236671 11.735185 7.879366 5.232544 -0.789778 20.822891 40.680893 26.538360 20.895758 10.138247 10.138247 -13.094217 -13.401836 -26.565697
190.586090 160.726372 114.881962 84.735852 82.738884 37.462255 17.034642 17.034642 7.291520 -3.548362 -6.107107 -13.538003 -5.483750 3.755837 -5.222145 5.406874 -13.163540 1.446438 -9.875442 -39.901517 -70.883642 -70.883642
181.738932 155.216475 125.004322 108.918957 74.943886 30.909143 13.307470 6.350211 -0.447645 -5.995934 -9.400268 -22.854186 -32.742099 -40.002995 -17.840369 -38.063339 -38.063339 -59.162928 -64.113468 -52.730826 -70.883642 -70.883642
181.738932 158.388072 128.175920 95.587243 61.612171 30.909143 13.307470 7.949685 -15.273229 -13.009317 -16.085855 -22.854186 -41.018541 -40.002995 -44.705137 -45.327655 -56.731822 -59.162928 -83.006682 -91.819903 -91.819903 -91.819903
175.697983 145.485831 112.881425 79.105016 27.898889 27.898889 9.874347 -6.677509 -23.527121 -22.479647 -28.223944 -37.409178 -54.533131 -49.495874 -77.172373 -68.137308 -83.710212 -75.887415 -97.155762 -104.539895 -100.153187 -91.819903
189.727848 134.932005 106.761218 38.890999 18.976673 -5.885000 -7.460578 -7.460578 -23.527121 -23.527121 -30.756089 -39.448612 -63.057622 -68.945826 -81.128404 -90.379428 -95.720491 -87.880345 -97.155762 -104.539895 -104.539895 -100.153187
158.736852 142.912930 44.909143 38.890999 18.976673 -7.823306 -5.885000 -20.110978 -20.110978 -25.297754 -35.712316 -48.632463 -61.498906 -75.919894 -82.637405 -94.637156 -94.135615 -97.273466 -97.273466 -106.548884 -107.108416 -100.153187
133.004494 133.004494 44.114086 42.438305 4.435302 -10.220083 -17.709511 -22.159551 -30.627709 -33.518983 -42.855482 -50.337343 -60.670234 -80.367941 -91.824839 -92.853141 -95.160937 -98.119696 -98.015931 -103.150294 -113.873444 -113.873444
130.367202 94.247485 56.063799 17.805918 17.805918 -6.941722 -21.063952 -25.966739 -33.092398 -37.326170 -38.081789 -56.160352 -60.884166 -76.116349 -86.199305 -91.609692 -91.541856 -94.877954 -95.777997 -95.777997 -101.885849 -110.749363
94.247485 79.501304 46.896898 17.805918 17.805918 -4.667792 -20.797722 -25.444744 -35.545783 -37.876979 -43.199819 -50.267734 -66.899957 -74.915862 -78.351313 -91.541856 -91.541856 -92.826461 -92.281526 -95.985786 -95.985786 -99.166771
92.878824 79.501304 48.865826 25.060980 17.805918 -3.246096 -13.294908 -25.444744 -34.036557 -35.920873 -43.193672 -50.267734 -62.999349 -74.915862 -73.840744 -87.743929 -87.745326 -91.484943 -93.641093 -96.858974 -96.858974 -95.225970
79.501304 76.463009 43.858604 25.060980 4.008966 -6.004142 -17.824020 -29.066202 -34.985820 -37.599005 -43.193672 -51.536823 -62.999349 -73.840744 -80.936348 -92.572614 -89.319775 -89.319775 -93.641093 -93.641093 -93.641093 -95.225970
76.463009 76.463009 43.858604 43.858604 4.008966 -1.793523 -11.766983 -21.563388 -34.985820 -38.339733 -45.619781 -57.002158 -64.299431 -75.884862 -82.980467 -89.319775 -89.319775 -89.319775 -89.319775 -91.889871 -93.641093 -93.641093
76.463009 76.463009 43.858604 43.858604 7.266268 7.266268 -12.756004 -12.756004 -23.544632 -30.553318 -34.555005 -55.511340 -64.129401 -78.418192 -84.970259 -84.970259 -89.319775 -89.319775 -89.319775 -91.889871 -91.889871 -91.889871
