500mb Geopotential Height (RoI = 20cm)
5286.24,5305.62,5333.90,5351.98,5355.83,5377.71,5388.84,5403.72,5420.67,5448.45,5466.60,5504.22,5527.21,5572.06,5587.82,5651.17,5688.10,5724.66,5774.96,5833.69,5894.16,5963.34
5285.60,5308.40,5333.24,5352.50,5358.64,5375.63,5386.13,5402.17,5412.27,5437.31,5456.27,5486.02,5502.43,5529.35,5569.96,5598.10,5628.96,5663.69,5715.74,5760.47,5812.58,5880.45
5279.24,5305.95,5324.36,5348.30,5356.80,5366.87,5383.51,5399.03,5403.46,5427.76,5448.17,5460.65,5484.41,5496.90,5530.40,5552.21,5579.26,5610.63,5649.05,5699.20,5747.22,5806.02
5284.23,5302.38,5323.47,5343.98,5354.20,5362.00,5376.54,5394.67,5413.55,5422.10,5428.91,5445.92,5465.24,5479.87,5499.58,5517.25,5538.56,5569.91,5599.86,5639.75,5686.88,5736.43
5288.22,5303.00,5318.96,5340.55,5348.64,5361.90,5378.79,5388.88,5403.12,5414.73,5424.22,5440.04,5447.97,5462.77,5479.42,5499.37,5515.78,5539.34,5565.53,5595.42,5636.42,5686.50
5280.39,5292.49,5311.89,5338.01,5344.43,5358.62,5374.30,5387.17,5399.49,5410.19,5426.67,5431.64,5440.97,5455.31,5471.73,5486.27,5501.06,5522.69,5542.90,5570.60,5601.77,5646.19
5275.06,5288.61,5306.86,5329.41,5337.51,5356.52,5373.63,5389.21,5400.32,5415.01,5426.58,5431.71,5439.89,5454.93,5470.24,5482.37,5498.66,5513.92,5530.75,5554.07,5583.19,5617.95
5266.09,5283.73,5312.82,5332.75,5337.75,5357.69,5376.02,5388.58,5405.23,5413.41,5429.25,5437.63,5450.78,5461.94,5475.91,5487.20,5501.06,5516.78,5530.35,5549.29,5574.41,5602.21
5267.94,5291.71,5313.54,5333.70,5347.32,5362.09,5380.71,5394.78,5408.73,5423.06,5435.78,5447.35,5464.22,5477.21,5487.01,5501.56,5511.57,5525.16,5537.28,5556.78,5574.34,5601.15
5260.79,5287.51,5312.49,5335.83,5358.31,5366.19,5387.49,5404.02,5419.36,5434.59,5453.17,5462.50,5475.00,5493.17,5506.42,5519.93,5533.58,5543.71,5547.58,5563.61,5584.79,5607.24
5262.58,5291.06,5321.55,5342.68,5366.19,5375.00,5395.29,5416.33,5434.79,5453.14,5471.77,5480.80,5495.81,5511.32,5524.28,5536.78,5550.80,5562.90,5574.52,5591.42,5610.51,5615.20
5271.81,5300.98,5330.22,5350.93,5377.10,5396.60,5409.38,5430.09,5450.42,5468.02,5484.20,5499.78,5515.09,5529.13,5542.96,5554.82,5568.12,5579.98,5590.28,5608.53,5627.08,5647.09
5276.16,5305.88,5336.68,5364.51,5394.31,5407.75,5427.05,5445.17,5463.21,5485.42,5502.92,5516.59,5531.96,5546.24,5571.81,5580.13,5595.67,5607.84,5622.45,5635.11,5651.31,5672.25
5282.27,5319.48,5345.64,5377.74,5404.56,5427.80,5444.67,5459.73,5482.54,5501.21,5520.32,5539.13,5566.40,5576.78,5591.74,5603.59,5612.26,5629.58,5641.05,5656.53,5673.25,5688.92
5290.78,5330.34,5359.52,5392.25,5422.78,5445.39,5465.87,5483.86,5498.96,5525.35,5553.79,5567.68,5584.63,5597.42,5610.82,5624.32,5636.98,5646.36,5663.01,5675.23,5691.45,5709.87
5308.30,5347.37,5374.69,5412.68,5439.08,5463.31,5482.79,5505.05,5537.29,5553.79,5573.81,5587.67,5601.53,5618.91,5634.76,5645.76,5659.05,5671.48,5683.23,5699.13,5711.42,5732.81
5322.80,5359.76,5403.38,5435.60,5473.47,5495.59,5515.10,5539.22,5566.47,5587.66,5604.62,5610.68,5623.64,5641.86,5658.44,5670.07,5681.23,5694.04,5709.42,5722.37,5735.61,5756.28
5333.08,5384.79,5425.48,5457.27,5494.44,5524.86,5547.99,5568.38,5590.30,5611.24,5632.67,5649.09,5660.39,5677.72,5688.17,5699.92,5714.51,5723.49,5737.94,5749.27,5762.45,5775.30
5359.90,5404.75,5440.73,5476.51,5509.82,5546.31,5570.26,5594.86,5615.46,5634.44,5657.08,5676.91,5689.29,5702.21,5716.73,5726.47,5736.15,5744.52,5759.81,5771.77,5783.63,5798.26
5371.71,5417.46,5454.31,5493.73,5530.72,5564.23,5586.89,5612.88,5637.29,5657.47,5677.83,5698.80,5714.43,5725.77,5742.26,5755.35,5767.50,5776.91,5788.53,5802.25,5813.76,5815.88
5381.69,5424.59,5464.24,5504.81,5544.79,5581.45,5606.70,5631.82,5654.98,5680.15,5699.07,5719.51,5741.85,5749.57,5765.77,5779.78,5793.41,5806.42,5816.44,5830.62,5834.07,5842.45
5392.75,5433.54,5476.49,5518.22,5556.51,5592.99,5622.41,5648.71,5676.83,5701.73,5728.02,5747.17,5760.18,5772.53,5782.37,5798.88,5811.77,5829.13,5842.32,5846.29,5858.20,5865.02
5399.93,5442.14,5488.79,5530.61,5569.83,5605.71,5637.17,5664.40,5689.97,5717.91,5742.52,5762.54,5781.39,5792.69,5802.17,5816.80,5828.51,5847.05,5854.70,5863.67,5869.95,5877.27
5412.23,5454.40,5496.10,5536.63,5575.36,5613.19,5649.94,5677.72,5702.78,5731.03,5754.59,5776.27,5796.26,5808.34,5823.21,5842.36,5851.57,5865.24,5868.42,5877.87,5889.17,5892.30
5418.29,5460.46,5503.06,5541.20,5579.93,5623.19,5658.62,5689.97,5714.49,5739.10,5764.36,5787.70,5809.77,5823.06,5837.60,5855.56,5869.67,5873.76,5884.13,5895.36,5908.95,5912.35
5423.01,5465.14,5509.20,5554.07,5591.09,5626.90,5660.30,5693.94,5724.36,5748.55,5776.15,5798.71,5813.91,5831.59,5847.60,5864.10,5875.44,5888.71,5900.97,5908.33,5915.91,5920.96
5428.43,5481.57,5519.98,5557.53,5593.78,5628.54,5669.51,5706.98,5736.04,5759.23,5781.44,5798.12,5819.56,5837.52,5856.13,5872.44,5883.41,5896.09,5906.88,5914.95,5924.49,5925.46
5444.16,5484.12,5522.26,5558.44,5593.30,5640.20,5679.60,5711.72,5741.45,5768.26,5787.72,5803.17,5822.45,5843.64,5859.63,5875.67,5889.40,5901.50,5912.06,5921.53,5928.40,5935.14
